
GRUPPO 55
Componenti: Pitozzi


QUESITO I:
funzione obiettivo = 7,5756
soluzione di base ottima: [7,5756, 6,4167, 7,5756, 3,2083, 7,5756, 7,5756, 7,5756, 7,5756, 7,5756, 4,0526, 3,2083, 4,2778, 7,5756, 3,0800, 7,5756, 7,5756, 7,5756, 1,1590, 0,0000, 4,3673, 0,0000, 0,0000, 0,0000, 0,0000, 0,0000, 3,5230, 4,3673, 3,2978, 0,0000, 4,4956, 0,0000, 0,0000, 0,0000, 3,4167, 10,5833, 4,5756, 9,4244, 0,2083, 13,7917, 4,5756, 9,4244, 4,5756, 9,4244, 4,5756, 9,4244, 4,5756, 9,4244, 4,5756, 9,4244, 1,0526, 12,9474, 0,2083, 13,7917, 1,2778, 12,7222, 4,5756, 9,4244, 0,0800, 13,9200, 4,5756, 9,4244, 4,5756, 9,4244, 4,5756, 9,4244, 0,0000, 0,0000, 8,8194, 0,0000, 46,6975, 46,6975, 46,6975, 46,6975, 54,2731, 0,0000, 0,0000, 0,0000, 46,6975, 0,0000, 23,9706, 23,9706, 23,9706]

QUESITO II:
varibili in base: [1, 1, 1, 1, 1, 1, 1, 1, 1, 1, 1, 1, 1, 1, 1, 1, 1, 1, 0, 1, 0, 0, 0, 0, 0, 1, 1, 1, 0, 1, 0, 0, 0, 1, 1, 1, 1, 1, 1, 1, 1, 1, 1, 1, 1, 1, 1, 1, 1, 1, 1, 1, 1, 1, 1, 1, 1, 1, 1, 1, 1, 1, 1, 1, 1, 0, 0, 1, 0, 1, 1, 1, 1, 1, 0, 0, 0, 1, 0, 1, 1, 1]
coefficienti di costo ridotto: [0,0000, 0,0000, 0,0000, 0,0000, 0,0000, 0,0000, 0,0000, 0,0000, 0,0000, 0,0000, 0,0000, 0,0000, 0,0000, 0,0000, 0,0000, 0,0000, 0,0000, 0,0000, 0,1000, 0,0000, 0,1000, 0,1000, 0,1000, 0,1000, 0,1000, 0,0000, 0,0000, 0,0000, 0,1000, 0,0000, 0,1000, 0,1000, 0,1000, 0,0000, 0,0000, 0,0000, 0,0000, 0,0000, 0,0000, 0,0000, 0,0000, 0,0000, 0,0000, 0,0000, 0,0000, 0,0000, 0,0000, 0,0000, 0,0000, 0,0000, 0,0000, 0,0000, 0,0000, 0,0000, 0,0000, 0,0000, 0,0000, 0,0000, 0,0000, 0,0000, 0,0000, 0,0000, 0,0000, 0,0000, 0,0000, 0,1000, 0,0083, 0,0000, 0,0042, 0,0000, 0,0000, 0,0000, 0,0000, 0,0000, 0,0053, 0,0042, 0,0056, 0,0000, 0,0040, 0,0000, 0,0000, 0,0000]
soluzione ottima multipla: No
soluzione ottima degenere: No
vincoli vertice ottimo: [c_di_w_e_x2, c_di_w_e_x4, c_di_w_e_x5, c_di_w_e_x6, c_di_w_e_x7, c_di_w_e_x8, c_di_w_e_x12, c_di_w_e_x14, c_di_w_e_x15, c_di_w_e_x16, c_delle_xi_somma_delle_percentuali, c_di_x1_tempo_max_esec, c_di_x3_tempo_max_esec, c_di_x9_tempo_max_esec, c_di_x10_tempo_max_esec, c_di_x11_tempo_max_esec, c_di_x13_tempo_max_esec]

QUESITO III:
